

=========== CALL 1 ==============
steps => 96
32  49  57  73  97  102  111  153  0  0  0  0  0  0  0  0  0  0  0  0  
64  47  39  22  0  0  0  0  0  0  0  0  0  0  0  0  0  0  0  0  

removing room Dgd8 2771 2771


=========== CALL 2 ==============
steps => 110
0  49  57  73  97  102  111  153  0  0  0  0  0  0  0  0  0  0  0  0  
0  61  53  37  13  8  0  0  0  0  0  0  0  0  0  0  0  0  0  0  

removing room Qrd4 229 229


=========== CALL 3 ==============
steps => -1
0  0  0  0  0  0  0  0  0  0  0  0  0  0  0  0  0  0  0  0  
0  0  0  0  0  0  0  0  0  0  0  0  0  0  0  0  0  0  0  0  

removing room Mgm0 6455 6455


=========== CALL 4 ==============
steps => -1
0  0  0  0  0  0  0  0  0  0  0  0  0  0  0  0  0  0  0  0  
0  0  0  0  0  0  0  0  0  0  0  0  0  0  0  0  0  0  0  0  

removing room Nes8 231 231


=========== CALL 5 ==============
steps => -1
0  0  0  0  0  0  0  0  0  0  0  0  0  0  0  0  0  0  0  0  
0  0  0  0  0  0  0  0  0  0  0  0  0  0  0  0  0  0  0  0  

removing room Opk4 6453 6453


=========== CALL 6 ==============
steps => -1
0  0  0  0  0  0  0  0  0  0  0  0  0  0  0  0  0  0  0  0  
0  0  0  0  0  0  0  0  0  0  0  0  0  0  0  0  0  0  0  0  

removing room Ovd1 234 234


=========== CALL 7 ==============
steps => -1
0  0  0  0  0  0  0  0  0  0  0  0  0  0  0  0  0  0  0  0  
0  0  0  0  0  0  0  0  0  0  0  0  0  0  0  0  0  0  0  0  

removing room Rwk7 6452 6452


=========== CALL 8 ==============
steps => -1
0  0  0  0  0  0  0  0  0  0  0  0  0  0  0  0  0  0  0  0  
0  0  0  0  0  0  0  0  0  0  0  0  0  0  0  0  0  0  0  0  

removing room Pud0 238 238


=========== CALL 9 ==============
steps => -1
0  0  0  0  0  0  0  0  0  0  0  0  0  0  0  0  0  0  0  0  
0  0  0  0  0  0  0  0  0  0  0  0  0  0  0  0  0  0  0  0  

removing room Inv6 6448 6448


=========== CALL 10 ==============
steps => -1
0  0  0  0  0  0  0  0  0  0  0  0  0  0  0  0  0  0  0  0  
0  0  0  0  0  0  0  0  0  0  0  0  0  0  0  0  0  0  0  0  

removing room Fjo7 243 243


=========== CALL 11 ==============
steps => -1
0  0  0  0  0  0  0  0  0  0  0  0  0  0  0  0  0  0  0  0  
0  0  0  0  0  0  0  0  0  0  0  0  0  0  0  0  0  0  0  0  

removing room Tss8 6446 6446


=========== CALL 12 ==============
steps => -1
0  0  0  0  0  0  0  0  0  0  0  0  0  0  0  0  0  0  0  0  
0  0  0  0  0  0  0  0  0  0  0  0  0  0  0  0  0  0  0  0  

removing room Pql4 6442 6442


=========== CALL 13 ==============
steps => -1
0  0  0  0  0  0  0  0  0  0  0  0  0  0  0  0  0  0  0  0  
0  0  0  0  0  0  0  0  0  0  0  0  0  0  0  0  0  0  0  0  

removing room Yqa5 6437 6437


=========== CALL 14 ==============
steps => -1
0  0  0  0  0  0  0  0  0  0  0  0  0  0  0  0  0  0  0  0  
0  0  0  0  0  0  0  0  0  0  0  0  0  0  0  0  0  0  0  0  

removing room Hsi2 6435 6435


=========== CALL 15 ==============
steps => -1
0  0  0  0  0  0  0  0  0  0  0  0  0  0  0  0  0  0  0  0  
0  0  0  0  0  0  0  0  0  0  0  0  0  0  0  0  0  0  0  0  

removing room Sqa7 6432 6432


=========== CALL 16 ==============
steps => -1
0  0  0  0  0  0  0  0  0  0  0  0  0  0  0  0  0  0  0  0  
0  0  0  0  0  0  0  0  0  0  0  0  0  0  0  0  0  0  0  0  

removing room Nap0 246 246


=========== CALL 17 ==============
steps => -1
0  0  0  0  0  0  0  0  0  0  0  0  0  0  0  0  0  0  0  0  
0  0  0  0  0  0  0  0  0  0  0  0  0  0  0  0  0  0  0  0  

removing room Sdq4 6429 6429


=========== CALL 18 ==============
steps => -1
0  0  0  0  0  0  0  0  0  0  0  0  0  0  0  0  0  0  0  0  
0  0  0  0  0  0  0  0  0  0  0  0  0  0  0  0  0  0  0  0  

removing room Wpv2 6425 6425


=========== CALL 19 ==============
steps => -1
0  0  0  0  0  0  0  0  0  0  0  0  0  0  0  0  0  0  0  0  
0  0  0  0  0  0  0  0  0  0  0  0  0  0  0  0  0  0  0  0  

removing room Ixe2 6420 6420


=========== CALL 20 ==============
steps => -1
0  0  0  0  0  0  0  0  0  0  0  0  0  0  0  0  0  0  0  0  
0  0  0  0  0  0  0  0  0  0  0  0  0  0  0  0  0  0  0  0  

removing room Efn2 249 249


=========== CALL 21 ==============
steps => -1
0  0  0  0  0  0  0  0  0  0  0  0  0  0  0  0  0  0  0  0  
0  0  0  0  0  0  0  0  0  0  0  0  0  0  0  0  0  0  0  0  

removing room Vpj1 6416 6416


=========== CALL 22 ==============
steps => -1
0  0  0  0  0  0  0  0  0  0  0  0  0  0  0  0  0  0  0  0  
0  0  0  0  0  0  0  0  0  0  0  0  0  0  0  0  0  0  0  0  

removing room Vgm1 6412 6412


=========== CALL 23 ==============
steps => -1
0  0  0  0  0  0  0  0  0  0  0  0  0  0  0  0  0  0  0  0  
0  0  0  0  0  0  0  0  0  0  0  0  0  0  0  0  0  0  0  0  

removing room J_m0 6410 6410


=========== CALL 24 ==============
steps => -1
0  0  0  0  0  0  0  0  0  0  0  0  0  0  0  0  0  0  0  0  
0  0  0  0  0  0  0  0  0  0  0  0  0  0  0  0  0  0  0  0  

removing room Ofw6 6408 6408


=========== CALL 25 ==============
steps => -1
0  0  0  0  0  0  0  0  0  0  0  0  0  0  0  0  0  0  0  0  
0  0  0  0  0  0  0  0  0  0  0  0  0  0  0  0  0  0  0  0  

removing room Onx1 6406 6406


=========== CALL 26 ==============
steps => -1
0  0  0  0  0  0  0  0  0  0  0  0  0  0  0  0  0  0  0  0  
0  0  0  0  0  0  0  0  0  0  0  0  0  0  0  0  0  0  0  0  

removing room Qyn3 6402 6402


=========== CALL 27 ==============
steps => -1
0  0  0  0  0  0  0  0  0  0  0  0  0  0  0  0  0  0  0  0  
0  0  0  0  0  0  0  0  0  0  0  0  0  0  0  0  0  0  0  0  

removing room Bvx7 254 254


=========== CALL 28 ==============
steps => -1
0  0  0  0  0  0  0  0  0  0  0  0  0  0  0  0  0  0  0  0  
0  0  0  0  0  0  0  0  0  0  0  0  0  0  0  0  0  0  0  0  

removing room Hhr1 6398 6398


=========== CALL 29 ==============
steps => -1
0  0  0  0  0  0  0  0  0  0  0  0  0  0  0  0  0  0  0  0  
0  0  0  0  0  0  0  0  0  0  0  0  0  0  0  0  0  0  0  0  

removing room I_g4 3860 3860


=========== CALL 30 ==============
steps => 237
0  65  0  0  0  0  0  0  0  0  0  0  0  0  0  0  0  0  0  0  
0  172  0  0  0  0  0  0  0  0  0  0  0  0  0  0  0  0  0  0  

removing room Npq7 3161 3161


=========== CALL 31 ==============
steps => -1
0  0  0  0  0  0  0  0  0  0  0  0  0  0  0  0  0  0  0  0  
0  0  0  0  0  0  0  0  0  0  0  0  0  0  0  0  0  0  0  0  

removing room Jyl1 3488 3488


=========== CALL 32 ==============
steps => -1
0  0  0  0  0  0  0  0  0  0  0  0  0  0  0  0  0  0  0  0  
0  0  0  0  0  0  0  0  0  0  0  0  0  0  0  0  0  0  0  0  

removing room Nwq4 3567 3567


=========== CALL 33 ==============
steps => 232
0  60  0  0  0  0  0  0  0  0  0  0  0  0  0  0  0  0  0  0  
0  172  0  0  0  0  0  0  0  0  0  0  0  0  0  0  0  0  0  0  



|||| BEST CHOICE = CALL 1 ||||
